x		 f(x)
0.0000 	 1.0000
0.0016 	 1.0016
0.0031 	 1.0031
0.0047 	 1.0047
0.0063 	 1.0063
0.0079 	 1.0079
0.0094 	 1.0094
0.0110 	 1.0110
0.0126 	 1.0126
0.0141 	 1.0141
0.0157 	 1.0157
0.0173 	 1.0173
0.0188 	 1.0188
0.0204 	 1.0204
0.0220 	 1.0220
0.0236 	 1.0236
0.0251 	 1.0251
0.0267 	 1.0267
0.0283 	 1.0283
0.0298 	 1.0298
0.0314 	 1.0314
0.0330 	 1.0330
0.0346 	 1.0345
0.0361 	 1.0361
0.0377 	 1.0377
0.0393 	 1.0392
0.0408 	 1.0408
0.0424 	 1.0424
0.0440 	 1.0440
0.0456 	 1.0455
0.0471 	 1.0471
0.0487 	 1.0487
0.0503 	 1.0502
0.0518 	 1.0518
0.0534 	 1.0534
0.0550 	 1.0549
0.0565 	 1.0565
0.0581 	 1.0581
0.0597 	 1.0596
0.0613 	 1.0612
0.0628 	 1.0627
0.0644 	 1.0643
0.0660 	 1.0659
0.0675 	 1.0674
0.0691 	 1.0690
0.0707 	 1.0706
0.0723 	 1.0721
0.0738 	 1.0737
0.0754 	 1.0752
0.0770 	 1.0768
0.0785 	 1.0784
0.0801 	 1.0799
0.0817 	 1.0815
0.0833 	 1.0831
0.0848 	 1.0846
0.0864 	 1.0862
0.0880 	 1.0877
0.0895 	 1.0893
0.0911 	 1.0908
0.0927 	 1.0924
0.0942 	 1.0940
0.0958 	 1.0955
0.0974 	 1.0971
0.0990 	 1.0986
0.1005 	 1.1002
0.1021 	 1.1017
0.1037 	 1.1033
0.1052 	 1.1048
0.1068 	 1.1064
0.1084 	 1.1079
0.1100 	 1.1095
0.1115 	 1.1110
0.1131 	 1.1126
0.1147 	 1.1141
0.1162 	 1.1157
0.1178 	 1.1172
0.1194 	 1.1188
0.1210 	 1.1203
0.1225 	 1.1219
0.1241 	 1.1234
0.1257 	 1.1250
0.1272 	 1.1265
0.1288 	 1.1280
0.1304 	 1.1296
0.1319 	 1.1311
0.1335 	 1.1327
0.1351 	 1.1342
0.1367 	 1.1357
0.1382 	 1.1373
0.1398 	 1.1388
0.1414 	 1.1404
0.1429 	 1.1419
0.1445 	 1.1434
0.1461 	 1.1450
0.1477 	 1.1465
0.1492 	 1.1480
0.1508 	 1.1496
0.1524 	 1.1511
0.1539 	 1.1526
0.1555 	 1.1542
0.1571 	 1.1557
0.1587 	 1.1572
0.1602 	 1.1587
0.1618 	 1.1603
0.1634 	 1.1618
0.1649 	 1.1633
0.1665 	 1.1648
0.1681 	 1.1664
0.1696 	 1.1679
0.1712 	 1.1694
0.1728 	 1.1709
0.1744 	 1.1724
0.1759 	 1.1739
0.1775 	 1.1755
0.1791 	 1.1770
0.1806 	 1.1785
0.1822 	 1.1800
0.1838 	 1.1815
0.1854 	 1.1830
0.1869 	 1.1845
0.1885 	 1.1860
0.1901 	 1.1876
0.1916 	 1.1891
0.1932 	 1.1906
0.1948 	 1.1921
0.1963 	 1.1936
0.1979 	 1.1951
0.1995 	 1.1966
0.2011 	 1.1981
0.2026 	 1.1996
0.2042 	 1.2011
0.2058 	 1.2026
0.2073 	 1.2041
0.2089 	 1.2055
0.2105 	 1.2070
0.2121 	 1.2085
0.2136 	 1.2100
0.2152 	 1.2115
0.2168 	 1.2130
0.2183 	 1.2145
0.2199 	 1.2160
0.2215 	 1.2174
0.2231 	 1.2189
0.2246 	 1.2204
0.2262 	 1.2219
0.2278 	 1.2234
0.2293 	 1.2248
0.2309 	 1.2263
0.2325 	 1.2278
0.2340 	 1.2293
0.2356 	 1.2307
0.2372 	 1.2322
0.2388 	 1.2337
0.2403 	 1.2351
0.2419 	 1.2366
0.2435 	 1.2380
0.2450 	 1.2395
0.2466 	 1.2410
0.2482 	 1.2424
0.2498 	 1.2439
0.2513 	 1.2453
0.2529 	 1.2468
0.2545 	 1.2482
0.2560 	 1.2497
0.2576 	 1.2511
0.2592 	 1.2526
0.2608 	 1.2540
0.2623 	 1.2555
0.2639 	 1.2569
0.2655 	 1.2584
0.2670 	 1.2598
0.2686 	 1.2612
0.2702 	 1.2627
0.2717 	 1.2641
0.2733 	 1.2655
0.2749 	 1.2670
0.2765 	 1.2684
0.2780 	 1.2698
0.2796 	 1.2712
0.2812 	 1.2727
0.2827 	 1.2741
0.2843 	 1.2755
0.2859 	 1.2769
0.2875 	 1.2783
0.2890 	 1.2797
0.2906 	 1.2812
0.2922 	 1.2826
0.2937 	 1.2840
0.2953 	 1.2854
0.2969 	 1.2868
0.2985 	 1.2882
0.3000 	 1.2896
0.3016 	 1.2910
0.3032 	 1.2924
0.3047 	 1.2938
0.3063 	 1.2952
0.3079 	 1.2966
0.3094 	 1.2979
0.3110 	 1.2993
0.3126 	 1.3007
0.3142 	 1.3021
0.3157 	 1.3035
0.3173 	 1.3049
0.3189 	 1.3062
0.3204 	 1.3076
0.3220 	 1.3090
0.3236 	 1.3103
0.3252 	 1.3117
0.3267 	 1.3131
0.3283 	 1.3144
0.3299 	 1.3158
0.3314 	 1.3172
0.3330 	 1.3185
0.3346 	 1.3199
0.3362 	 1.3212
0.3377 	 1.3226
0.3393 	 1.3239
0.3409 	 1.3253
0.3424 	 1.3266
0.3440 	 1.3279
0.3456 	 1.3293
0.3471 	 1.3306
0.3487 	 1.3319
0.3503 	 1.3333
0.3519 	 1.3346
0.3534 	 1.3359
0.3550 	 1.3373
0.3566 	 1.3386
0.3581 	 1.3399
0.3597 	 1.3412
0.3613 	 1.3425
0.3629 	 1.3438
0.3644 	 1.3451
0.3660 	 1.3464
0.3676 	 1.3477
0.3691 	 1.3490
0.3707 	 1.3503
0.3723 	 1.3516
0.3738 	 1.3529
0.3754 	 1.3542
0.3770 	 1.3555
0.3786 	 1.3568
0.3801 	 1.3581
0.3817 	 1.3594
0.3833 	 1.3606
0.3848 	 1.3619
0.3864 	 1.3632
0.3880 	 1.3645
0.3896 	 1.3657
0.3911 	 1.3670
0.3927 	 1.3682
0.3943 	 1.3695
0.3958 	 1.3708
0.3974 	 1.3720
0.3990 	 1.3733
0.4006 	 1.3745
0.4021 	 1.3757
0.4037 	 1.3770
0.4053 	 1.3782
0.4068 	 1.3795
0.4084 	 1.3807
0.4100 	 1.3819
0.4115 	 1.3831
0.4131 	 1.3844
0.4147 	 1.3856
0.4163 	 1.3868
0.4178 	 1.3880
0.4194 	 1.3892
0.4210 	 1.3904
0.4225 	 1.3916
0.4241 	 1.3928
0.4257 	 1.3940
0.4273 	 1.3952
0.4288 	 1.3964
0.4304 	 1.3976
0.4320 	 1.3988
0.4335 	 1.4000
0.4351 	 1.4012
0.4367 	 1.4023
0.4383 	 1.4035
0.4398 	 1.4047
0.4414 	 1.4058
0.4430 	 1.4070
0.4445 	 1.4082
0.4461 	 1.4093
0.4477 	 1.4105
0.4492 	 1.4116
0.4508 	 1.4128
0.4524 	 1.4139
0.4540 	 1.4151
0.4555 	 1.4162
0.4571 	 1.4173
0.4587 	 1.4185
0.4602 	 1.4196
0.4618 	 1.4207
0.4634 	 1.4218
0.4650 	 1.4229
0.4665 	 1.4241
0.4681 	 1.4252
0.4697 	 1.4263
0.4712 	 1.4274
0.4728 	 1.4285
0.4744 	 1.4296
0.4760 	 1.4307
0.4775 	 1.4317
0.4791 	 1.4328
0.4807 	 1.4339
0.4822 	 1.4350
0.4838 	 1.4361
0.4854 	 1.4371
0.4869 	 1.4382
0.4885 	 1.4392
0.4901 	 1.4403
0.4917 	 1.4414
0.4932 	 1.4424
0.4948 	 1.4435
0.4964 	 1.4445
0.4979 	 1.4455
0.4995 	 1.4466
0.5011 	 1.4476
0.5027 	 1.4486
0.5042 	 1.4496
0.5058 	 1.4507
0.5074 	 1.4517
0.5089 	 1.4527
0.5105 	 1.4537
0.5121 	 1.4547
0.5137 	 1.4557
0.5152 	 1.4567
0.5168 	 1.4577
0.5184 	 1.4587
0.5199 	 1.4597
0.5215 	 1.4606
0.5231 	 1.4616
0.5246 	 1.4626
0.5262 	 1.4635
0.5278 	 1.4645
0.5294 	 1.4655
0.5309 	 1.4664
0.5325 	 1.4674
0.5341 	 1.4683
0.5356 	 1.4692
0.5372 	 1.4702
0.5388 	 1.4711
0.5404 	 1.4720
0.5419 	 1.4730
0.5435 	 1.4739
0.5451 	 1.4748
0.5466 	 1.4757
0.5482 	 1.4766
0.5498 	 1.4775
0.5513 	 1.4784
0.5529 	 1.4793
0.5545 	 1.4802
0.5561 	 1.4811
0.5576 	 1.4820
0.5592 	 1.4828
0.5608 	 1.4837
0.5623 	 1.4846
0.5639 	 1.4854
0.5655 	 1.4863
0.5671 	 1.4871
0.5686 	 1.4880
0.5702 	 1.4888
0.5718 	 1.4896
0.5733 	 1.4905
0.5749 	 1.4913
0.5765 	 1.4921
0.5781 	 1.4929
0.5796 	 1.4938
0.5812 	 1.4946
0.5828 	 1.4954
0.5843 	 1.4962
0.5859 	 1.4970
0.5875 	 1.4978
0.5890 	 1.4985
0.5906 	 1.4993
0.5922 	 1.5001
0.5938 	 1.5009
0.5953 	 1.5016
0.5969 	 1.5024
0.5985 	 1.5031
0.6000 	 1.5039
0.6016 	 1.5046
0.6032 	 1.5054
0.6048 	 1.5061
0.6063 	 1.5068
0.6079 	 1.5075
0.6095 	 1.5083
0.6110 	 1.5090
0.6126 	 1.5097
0.6142 	 1.5104
0.6158 	 1.5111
0.6173 	 1.5118
0.6189 	 1.5125
0.6205 	 1.5131
0.6220 	 1.5138
0.6236 	 1.5145
0.6252 	 1.5152
0.6267 	 1.5158
0.6283 	 1.5165
0.6299 	 1.5171
0.6315 	 1.5178
0.6330 	 1.5184
0.6346 	 1.5190
0.6362 	 1.5197
0.6377 	 1.5203
0.6393 	 1.5209
0.6409 	 1.5215
0.6425 	 1.5221
0.6440 	 1.5227
0.6456 	 1.5233
0.6472 	 1.5239
0.6487 	 1.5245
0.6503 	 1.5250
0.6519 	 1.5256
0.6535 	 1.5262
0.6550 	 1.5267
0.6566 	 1.5273
0.6582 	 1.5278
0.6597 	 1.5284
0.6613 	 1.5289
0.6629 	 1.5294
0.6644 	 1.5300
0.6660 	 1.5305
0.6676 	 1.5310
0.6692 	 1.5315
0.6707 	 1.5320
0.6723 	 1.5325
0.6739 	 1.5330
0.6754 	 1.5335
0.6770 	 1.5339
0.6786 	 1.5344
0.6802 	 1.5349
0.6817 	 1.5353
0.6833 	 1.5358
0.6849 	 1.5362
0.6864 	 1.5367
0.6880 	 1.5371
0.6896 	 1.5375
0.6912 	 1.5380
0.6927 	 1.5384
0.6943 	 1.5388
0.6959 	 1.5392
0.6974 	 1.5396
0.6990 	 1.5400
0.7006 	 1.5403
0.7021 	 1.5407
0.7037 	 1.5411
0.7053 	 1.5415
0.7069 	 1.5418
0.7084 	 1.5422
0.7100 	 1.5425
0.7116 	 1.5428
0.7131 	 1.5432
0.7147 	 1.5435
0.7163 	 1.5438
0.7179 	 1.5441
0.7194 	 1.5444
0.7210 	 1.5447
0.7226 	 1.5450
0.7241 	 1.5453
0.7257 	 1.5456
0.7273 	 1.5458
0.7288 	 1.5461
0.7304 	 1.5464
0.7320 	 1.5466
0.7336 	 1.5469
0.7351 	 1.5471
0.7367 	 1.5473
0.7383 	 1.5475
0.7398 	 1.5478
0.7414 	 1.5480
0.7430 	 1.5482
0.7446 	 1.5484
0.7461 	 1.5486
0.7477 	 1.5487
0.7493 	 1.5489
0.7508 	 1.5491
0.7524 	 1.5492
0.7540 	 1.5494
0.7556 	 1.5495
0.7571 	 1.5497
0.7587 	 1.5498
0.7603 	 1.5499
0.7618 	 1.5500
0.7634 	 1.5501
0.7650 	 1.5502
0.7665 	 1.5503
0.7681 	 1.5504
0.7697 	 1.5505
0.7713 	 1.5506
0.7728 	 1.5506
0.7744 	 1.5507
0.7760 	 1.5507
0.7775 	 1.5508
0.7791 	 1.5508
0.7807 	 1.5508
0.7823 	 1.5509
0.7838 	 1.5509
0.7854 	 1.5509
0.7870 	 1.5509
0.7885 	 1.5509
0.7901 	 1.5508
0.7917 	 1.5508
0.7933 	 1.5508
0.7948 	 1.5507
0.7964 	 1.5507
0.7980 	 1.5506
0.7995 	 1.5506
0.8011 	 1.5505
0.8027 	 1.5504
0.8042 	 1.5503
0.8058 	 1.5502
0.8074 	 1.5501
0.8090 	 1.5500
0.8105 	 1.5499
0.8121 	 1.5498
0.8137 	 1.5496
0.8152 	 1.5495
0.8168 	 1.5493
0.8184 	 1.5492
0.8200 	 1.5490
0.8215 	 1.5488
0.8231 	 1.5486
0.8247 	 1.5484
0.8262 	 1.5482
0.8278 	 1.5480
0.8294 	 1.5478
0.8310 	 1.5476
0.8325 	 1.5473
0.8341 	 1.5471
0.8357 	 1.5468
0.8372 	 1.5466
0.8388 	 1.5463
0.8404 	 1.5460
0.8419 	 1.5457
0.8435 	 1.5454
0.8451 	 1.5451
0.8467 	 1.5448
0.8482 	 1.5445
0.8498 	 1.5442
0.8514 	 1.5438
0.8529 	 1.5435
0.8545 	 1.5431
0.8561 	 1.5428
0.8577 	 1.5424
0.8592 	 1.5420
0.8608 	 1.5416
0.8624 	 1.5412
0.8639 	 1.5408
0.8655 	 1.5404
0.8671 	 1.5400
0.8687 	 1.5395
0.8702 	 1.5391
0.8718 	 1.5386
0.8734 	 1.5382
0.8749 	 1.5377
0.8765 	 1.5372
0.8781 	 1.5367
0.8796 	 1.5362
0.8812 	 1.5357
0.8828 	 1.5352
0.8844 	 1.5347
0.8859 	 1.5341
0.8875 	 1.5336
0.8891 	 1.5330
0.8906 	 1.5325
0.8922 	 1.5319
0.8938 	 1.5313
0.8954 	 1.5307
0.8969 	 1.5301
0.8985 	 1.5295
0.9001 	 1.5289
0.9016 	 1.5283
0.9032 	 1.5276
0.9048 	 1.5270
0.9063 	 1.5263
0.9079 	 1.5256
0.9095 	 1.5250
0.9111 	 1.5243
0.9126 	 1.5236
0.9142 	 1.5229
0.9158 	 1.5222
0.9173 	 1.5214
0.9189 	 1.5207
0.9205 	 1.5199
0.9221 	 1.5192
0.9236 	 1.5184
0.9252 	 1.5176
0.9268 	 1.5169
0.9283 	 1.5161
0.9299 	 1.5153
0.9315 	 1.5144
0.9331 	 1.5136
0.9346 	 1.5128
0.9362 	 1.5119
0.9378 	 1.5111
0.9393 	 1.5102
0.9409 	 1.5093
0.9425 	 1.5085
0.9440 	 1.5076
0.9456 	 1.5066
0.9472 	 1.5057
0.9488 	 1.5048
0.9503 	 1.5039
0.9519 	 1.5029
0.9535 	 1.5020
0.9550 	 1.5010
0.9566 	 1.5000
0.9582 	 1.4990
0.9598 	 1.4980
0.9613 	 1.4970
0.9629 	 1.4960
0.9645 	 1.4949
0.9660 	 1.4939
0.9676 	 1.4929
0.9692 	 1.4918
0.9708 	 1.4907
0.9723 	 1.4896
0.9739 	 1.4885
0.9755 	 1.4874
0.9770 	 1.4863
0.9786 	 1.4852
0.9802 	 1.4840
0.9817 	 1.4829
0.9833 	 1.4817
0.9849 	 1.4805
0.9865 	 1.4794
0.9880 	 1.4782
0.9896 	 1.4770
0.9912 	 1.4757
0.9927 	 1.4745
0.9943 	 1.4733
0.9959 	 1.4720
0.9975 	 1.4708
0.9990 	 1.4695
1.0006 	 1.4682
1.0022 	 1.4669
1.0037 	 1.4656
1.0053 	 1.4643
1.0069 	 1.4630
1.0085 	 1.4616
1.0100 	 1.4603
1.0116 	 1.4589
1.0132 	 1.4575
1.0147 	 1.4561
1.0163 	 1.4547
1.0179 	 1.4533
1.0194 	 1.4519
1.0210 	 1.4505
1.0226 	 1.4490
1.0242 	 1.4476
1.0257 	 1.4461
1.0273 	 1.4446
1.0289 	 1.4431
1.0304 	 1.4416
1.0320 	 1.4401
1.0336 	 1.4386
1.0352 	 1.4370
1.0367 	 1.4355
1.0383 	 1.4339
1.0399 	 1.4323
1.0414 	 1.4308
1.0430 	 1.4292
1.0446 	 1.4275
1.0462 	 1.4259
1.0477 	 1.4243
1.0493 	 1.4226
1.0509 	 1.4210
1.0524 	 1.4193
1.0540 	 1.4176
1.0556 	 1.4159
1.0571 	 1.4142
1.0587 	 1.4125
1.0603 	 1.4107
1.0619 	 1.4090
1.0634 	 1.4072
1.0650 	 1.4055
1.0666 	 1.4037
1.0681 	 1.4019
1.0697 	 1.4001
1.0713 	 1.3983
1.0729 	 1.3964
1.0744 	 1.3946
1.0760 	 1.3927
1.0776 	 1.3908
1.0791 	 1.3890
1.0807 	 1.3871
1.0823 	 1.3851
1.0838 	 1.3832
1.0854 	 1.3813
1.0870 	 1.3793
1.0886 	 1.3774
1.0901 	 1.3754
1.0917 	 1.3734
1.0933 	 1.3714
1.0948 	 1.3694
1.0964 	 1.3674
1.0980 	 1.3653
1.0996 	 1.3633
1.1011 	 1.3612
1.1027 	 1.3591
1.1043 	 1.3570
1.1058 	 1.3549
1.1074 	 1.3528
1.1090 	 1.3507
1.1106 	 1.3485
1.1121 	 1.3463
1.1137 	 1.3442
1.1153 	 1.3420
1.1168 	 1.3398
1.1184 	 1.3376
1.1200 	 1.3353
1.1215 	 1.3331
1.1231 	 1.3308
1.1247 	 1.3286
1.1263 	 1.3263
1.1278 	 1.3240
1.1294 	 1.3217
1.1310 	 1.3194
1.1325 	 1.3170
1.1341 	 1.3147
1.1357 	 1.3123
1.1373 	 1.3099
1.1388 	 1.3075
1.1404 	 1.3051
1.1420 	 1.3027
1.1435 	 1.3003
1.1451 	 1.2978
1.1467 	 1.2953
1.1483 	 1.2929
1.1498 	 1.2904
1.1514 	 1.2879
1.1530 	 1.2853
1.1545 	 1.2828
1.1561 	 1.2802
1.1577 	 1.2777
1.1592 	 1.2751
1.1608 	 1.2725
1.1624 	 1.2699
1.1640 	 1.2673
1.1655 	 1.2646
1.1671 	 1.2620
1.1687 	 1.2593
1.1702 	 1.2566
1.1718 	 1.2540
1.1734 	 1.2512
1.1750 	 1.2485
1.1765 	 1.2458
1.1781 	 1.2430
1.1797 	 1.2403
1.1812 	 1.2375
1.1828 	 1.2347
1.1844 	 1.2319
1.1860 	 1.2290
1.1875 	 1.2262
1.1891 	 1.2233
1.1907 	 1.2205
1.1922 	 1.2176
1.1938 	 1.2147
1.1954 	 1.2117
1.1969 	 1.2088
1.1985 	 1.2059
1.2001 	 1.2029
1.2017 	 1.1999
1.2032 	 1.1969
1.2048 	 1.1939
1.2064 	 1.1909
1.2079 	 1.1879
1.2095 	 1.1848
1.2111 	 1.1817
1.2127 	 1.1786
1.2142 	 1.1755
1.2158 	 1.1724
1.2174 	 1.1693
1.2189 	 1.1661
1.2205 	 1.1630
1.2221 	 1.1598
1.2237 	 1.1566
1.2252 	 1.1534
1.2268 	 1.1501
1.2284 	 1.1469
1.2299 	 1.1436
1.2315 	 1.1404
1.2331 	 1.1371
1.2346 	 1.1338
1.2362 	 1.1304
1.2378 	 1.1271
1.2394 	 1.1237
1.2409 	 1.1204
1.2425 	 1.1170
1.2441 	 1.1136
1.2456 	 1.1102
1.2472 	 1.1067
1.2488 	 1.1033
1.2504 	 1.0998
1.2519 	 1.0963
1.2535 	 1.0928
1.2551 	 1.0893
1.2566 	 1.0858
1.2582 	 1.0822
1.2598 	 1.0786
1.2613 	 1.0751
1.2629 	 1.0715
1.2645 	 1.0678
1.2661 	 1.0642
1.2676 	 1.0605
1.2692 	 1.0569
1.2708 	 1.0532
1.2723 	 1.0495
1.2739 	 1.0458
1.2755 	 1.0420
1.2771 	 1.0383
1.2786 	 1.0345
1.2802 	 1.0307
1.2818 	 1.0269
1.2833 	 1.0231
1.2849 	 1.0193
1.2865 	 1.0154
1.2881 	 1.0115
1.2896 	 1.0077
1.2912 	 1.0037
1.2928 	 0.9998
1.2943 	 0.9959
1.2959 	 0.9919
1.2975 	 0.9880
1.2990 	 0.9840
1.3006 	 0.9799
1.3022 	 0.9759
1.3038 	 0.9719
1.3053 	 0.9678
1.3069 	 0.9637
1.3085 	 0.9596
1.3100 	 0.9555
1.3116 	 0.9514
1.3132 	 0.9472
1.3148 	 0.9431
1.3163 	 0.9389
1.3179 	 0.9347
1.3195 	 0.9305
1.3210 	 0.9262
1.3226 	 0.9220
1.3242 	 0.9177
1.3258 	 0.9134
1.3273 	 0.9091
1.3289 	 0.9047
1.3305 	 0.9004
1.3320 	 0.8960
1.3336 	 0.8917
1.3352 	 0.8872
1.3367 	 0.8828
1.3383 	 0.8784
1.3399 	 0.8739
1.3415 	 0.8695
1.3430 	 0.8650
1.3446 	 0.8605
1.3462 	 0.8559
1.3477 	 0.8514
1.3493 	 0.8468
1.3509 	 0.8422
1.3525 	 0.8376
1.3540 	 0.8330
1.3556 	 0.8283
1.3572 	 0.8237
1.3587 	 0.8190
1.3603 	 0.8143
1.3619 	 0.8096
1.3635 	 0.8049
1.3650 	 0.8001
1.3666 	 0.7953
1.3682 	 0.7905
1.3697 	 0.7857
1.3713 	 0.7809
1.3729 	 0.7760
1.3744 	 0.7712
1.3760 	 0.7663
1.3776 	 0.7614
1.3792 	 0.7564
1.3807 	 0.7515
1.3823 	 0.7465
1.3839 	 0.7416
1.3854 	 0.7365
1.3870 	 0.7315
1.3886 	 0.7265
1.3902 	 0.7214
1.3917 	 0.7163
1.3933 	 0.7112
1.3949 	 0.7061
1.3964 	 0.7010
1.3980 	 0.6958
1.3996 	 0.6906
1.4012 	 0.6854
1.4027 	 0.6802
1.4043 	 0.6750
1.4059 	 0.6697
1.4074 	 0.6644
1.4090 	 0.6591
1.4106 	 0.6538
1.4121 	 0.6485
1.4137 	 0.6431
1.4153 	 0.6378
1.4169 	 0.6324
1.4184 	 0.6269
1.4200 	 0.6215
1.4216 	 0.6160
1.4231 	 0.6106
1.4247 	 0.6051
1.4263 	 0.5995
1.4279 	 0.5940
1.4294 	 0.5884
1.4310 	 0.5829
1.4326 	 0.5773
1.4341 	 0.5716
1.4357 	 0.5660
1.4373 	 0.5603
1.4388 	 0.5547
1.4404 	 0.5490
1.4420 	 0.5432
1.4436 	 0.5375
1.4451 	 0.5317
1.4467 	 0.5259
1.4483 	 0.5201
1.4498 	 0.5143
1.4514 	 0.5084
1.4530 	 0.5026
1.4546 	 0.4967
1.4561 	 0.4908
1.4577 	 0.4848
1.4593 	 0.4789
1.4608 	 0.4729
1.4624 	 0.4669
1.4640 	 0.4609
1.4656 	 0.4549
1.4671 	 0.4488
1.4687 	 0.4427
1.4703 	 0.4366
1.4718 	 0.4305
1.4734 	 0.4243
1.4750 	 0.4182
1.4765 	 0.4120
1.4781 	 0.4058
1.4797 	 0.3995
1.4813 	 0.3933
1.4828 	 0.3870
1.4844 	 0.3807
1.4860 	 0.3744
1.4875 	 0.3681
1.4891 	 0.3617
1.4907 	 0.3553
1.4923 	 0.3489
1.4938 	 0.3425
1.4954 	 0.3360
1.4970 	 0.3296
1.4985 	 0.3231
1.5001 	 0.3166
1.5017 	 0.3100
1.5033 	 0.3035
1.5048 	 0.2969
1.5064 	 0.2903
1.5080 	 0.2837
1.5095 	 0.2770
1.5111 	 0.2703
1.5127 	 0.2636
1.5142 	 0.2569
1.5158 	 0.2502
1.5174 	 0.2434
1.5190 	 0.2367
1.5205 	 0.2299
1.5221 	 0.2230
1.5237 	 0.2162
1.5252 	 0.2093
1.5268 	 0.2024
1.5284 	 0.1955
1.5300 	 0.1885
1.5315 	 0.1816
1.5331 	 0.1746
1.5347 	 0.1676
1.5362 	 0.1606
1.5378 	 0.1535
1.5394 	 0.1464
1.5410 	 0.1393
1.5425 	 0.1322
1.5441 	 0.1251
1.5457 	 0.1179
1.5472 	 0.1107
1.5488 	 0.1035
1.5504 	 0.0962
1.5519 	 0.0890
1.5535 	 0.0817
1.5551 	 0.0744
1.5567 	 0.0670
1.5582 	 0.0597
1.5598 	 0.0523
1.5614 	 0.0449
1.5629 	 0.0375
1.5645 	 0.0300
1.5661 	 0.0226
1.5677 	 0.0151
1.5692 	 0.0075
1.5708 	 0.0000
